detector:
  target_color：RED
solver:
  camera_params:
    intrinsic_matrix: [1664.5, -7.7583, 743.8596,
                       0.0, 1669.6, 573.3738,
                       0.0, 0, 1.0]
    # k1 k2 p1 p2 k3 -> OpenCV形`式
    distortion: [-0.44044, 0.2949, 0, -0.0042, 0]
  coordinate:
    T_ic: -0.09436411, -0.1262012 , -0.98750629, -0.36336696,
      -0.96239188, -0.24226293,  0.12292491,  0.13336362,
      -0.25474944,  0.96196774, -0.09859408, -0.07869957,
      0, 0, 0, 1;
tracker:
  t: null

  #    T_ic: [-0.07920244, -0.0816215 , -0.9935114 , -0.01037739,
  #           -0.97796983,  0.19945741,  0.06157713,  0.00088715,
  #            0.1931372 ,  0.97650124, -0.09562088, -0.00398023,
  #            0.        ,  0.        ,  0.        ,  1.        ]
  #    T_ci: [-0.07920244, -0.97796983,  0.1931372 ,  0.00081442,
  #           -0.0816215 ,  0.19945741,  0.97650124,  0.00286273,
  #           -0.9935114 ,  0.06157713, -0.09562088, -0.01074528,
  #            0.        ,  0.        ,  0.        ,  1.        ]
