detector:
  armor_model_path: ../model/opt-0527-001.xml
  target_color: RED
  camera:
    exposure_time: 15000
    gain: 16
solver:
  env:
    g: 9.781
  camera_params:
    intrinsic_matrix: [2665.005527408399, 0,                  696.8233, # fx 0  cx
                       0,                 2673.364537791387,  500.5147099572225, # 0  fy cy
                       0,                 0,                  1]
    # k1 k2 p1 p2 k3 -> OpenCV形式
    distortion: [-0.303608974614145, 4.163247825941419, -0.008432853056627, -0.003830248744148, 0]
  coordinate:
    T_ic: [-0.07920244, -0.0816215 , -0.9935114 , -0.01037739,
           -0.97796983,  0.19945741,  0.06157713,  0.00088715,
            0.1931372 ,  0.97650124, -0.09562088, -0.00398023,
            0.        ,  0.        ,  0.        ,  1.        ]
    T_ci: [-0.07920244, -0.97796983,  0.1931372 ,  0.00081442,
           -0.0816215 ,  0.19945741,  0.97650124,  0.00286273,
           -0.9935114 ,  0.06157713, -0.09562088, -0.01074528,
            0.        ,  0.        ,  0.        ,  1.        ]
#    T_ic: [ 0.02617095,   0.1181205,   -0.99265433, -0.00359017,
#             0.99945437,  -0.02310774,   0.02360054,  0.00058635,
#             -0.02015029, -0.99273037,  -0.1186608,   0.00285011,
#             0,          0,          0,         1.       ]
    tvec_i2w: [0.0, 0.0, 0.0] # 往右-，下-调
    tvec_w2i: [0.0, 0.0, 0.0]
  ballistic:
    speed: 12.0
tracker: null
predict:
  delta_time: 100
  kf:
    q: 1
    r: 10000

serial:
  pc:
    id: 0
    func_code:
      last_code: 0
      auto_aim_code: 1
  lower_computer:
    id: 1
    func_code:
      imu_data: 0

