# 检测器
detector:
  armor_model_path: ../model/opt-0527-001.onnx
#  armor_model_path: ../model/sj/model-opt-4.onnx
  target_color: BLUE
  camera:
    exposure_time: 8000
    gain: 15
# 解算器
solver:
  env:
    g: 9.781
  camera_params:
    intrinsic_matrix: [2665.005527408399, 0,                  696.8233, # fx 0  cx
                       0,                 2673.364537791387,  500.5147099572225, # 0  fy cy
                       0,                 0,                  1]
    # k1 k2 p1 p2 k3 -> OpenCV形式
    distortion: [-0.303608974614145, 4.163247825941419, -0.008432853056627, -0.003830248744148, 0]
  coordinate:
#    T_ic: [-0.07920244, -0.0816215 , -0.9935114 , -0.01037739,
#           -0.97796983,  0.19945741,  0.06157713,  0.00088715,
#            0.1931372 ,  0.97650124, -0.09562088, -0.00398023,
#            0.        ,  0.        ,  0.        ,  1.        ]
#    T_ci: [-0.07920244, -0.97796983,  0.1931372 ,  0.00081442,
#           -0.0816215 ,  0.19945741,  0.97650124,  0.00286273,
#           -0.9935114 ,  0.06157713, -0.09562088, -0.01074528,
#            0.        ,  0.        ,  0.        ,  1.        ]
    T_ic: [-0.42388551, -0.0959615 ,  -0.90061783, -0.00048917,
           -0.8851716 , -0.16669638,  0.4343772  , -0.00006169,
           -0.19181322,  0.98132752, -0.01428221 , -0.00117563,
            0.        ,  0.        ,  0.  ,        1.         ]
    T_ci: [-0.42388551, -0.8851716 ,  -0.19181322, -0.00048746,
           -0.0959615 , -0.16669638,   0.98132752,  0.00109646,
           -0.90061783,  0.43437720,  -0.01428221, -0.00043055,
            0.        ,  0.        ,   0.        ,  1.        ]
#    T_ic: [ 0.02617095,   0.1181205,   -0.99265433, -0.00359017,
#             0.99945437,  -0.02310774,   0.02360054,  0.00058635,
#             -0.02015029, -0.99273037,  -0.1186608,   0.00285011,
#             0,          0,          0,         1.       ]
    tvec_i2w: [0.0, 0.0, 0.0] # 往右-，下-调
    tvec_w2i: [0.0, 0.0, 0.0]
  ballistic:
    speed: 20.0
tracker: null
# 预测器
predict:
  delta_time: 300
  kf:
    q: 1  # TODO: 修改为对角线的值 => 向量
    r: 100000
# 补偿
compensate:
  yaw:   -1.0   # 单位: °; 左 <---- -0+ ---> 右
  pitch: -5.3    # 单位: °; 上 <---- -0+ ---> 下
