# 检测器
detector:
  armor_model_path: ../model/opt-0527-001.onnx
  target_color: BLUE
  camera:
    index: 0
    exposure_time: 20000
    gain: 15
# 解算器
solver:
  env:
    g: 9.781
  camera_params:
    intrinsic_matrix: [2665.005527408399, 0,                 696.8233, # fx 0  cx
                       0,                 2673.364537791387, 500.5147099572225, # 0  fy cy
                       0,                 0,                 1]
    # k1 k2 p1 p2 k3 -> OpenCV形式
    distortion: [-0.303608974614145, 4.163247825941419, -0.008432853056627, -0.003830248744148, 0]
  coordinate:
    T_ci: [-0.00103719, -0.99830381, -0.05821014, -0.0037376,
           0.04967125,  0.05808689, -0.99707506, -0.0010612,
           0.99876508, -0.00392552,  0.04952675, -0.07912495,
           0.        ,  0.        ,  0.        ,  1. ]
    T_ic: [-0.00103719,  0.04967125,  0.99876508,  0.07907608,
           -0.99830381,  0.05808689, -0.00392552, -0.00398022,
           -0.05821014, -0.99707506,  0.04952675,  0.00264314,
           0.         , 0.        ,  0.        ,  1. ]
    #    T_ci: [-0.01909027,  0.99882552,  0.04453244,  0.00007386,
    #            0.02697249,  0.04503884, -0.99862104,  0.00009449,
    #           -0.99945387, -0.0178628 , -0.02780062, -0.00000002,
    #            0.        ,  0.        ,  0.        ,  1.        ]
    #    T_ic: [-0.01909027, 0.02697249 , -0.99945387, -0.00000116,
    #            0.99882552, 0.04503884 , -0.0178628 , -0.00007803,
    #            0.04453244, -0.99862104, -0.02780062,  0.00009107,
    #            0.        ,  0.        ,  0.        ,  1.        ]
    tvec_i2w: [0.0, 0.0, 0.0]
    tvec_w2i: [0.0, 0.0, 0.0]
  ballistic:
#    speed: 30.0
    speed: 23.57
# 预测器
predict:
  delta_time: 390
  kf:
#    q: [100, 0.01, 100, 1, 1, 1, 1, 1]  # xa vxa ya vya za vza yaw vyaw
#    r: [0.15, 100000, 0.15, 100000]  # x y z yaw
    q: [1, 1, 1, 1, 1, 1, 1, 1]  # xa vxa ya vya za vza yaw vyaw
    r: [100000, 100000, 100000, 100000]  # x y z yaw
# 补偿
compensate:
  yaw:   -1.7  # 单位: °; 左 <---- -0+ ---> 右
  pitch: -10.6  # 单位: °; 上 <---- -0+ ---> 下
microcontroller_id: 1
